1 0
2 1
3 2
4 3
5 4
6 5
7 6
8 7
9 8
10 9
11 10
12 11
13 12
14 13
15 14
16 15
17 16
18 17
19 18
20 19
21 20
22 21
23 22
24 23
25 24
26 25
27 26
28 27
29 28
30 29
31 30
32 31
34 32
35 33
36 34
38 35
39 36
40 37
41 38
42 39
43 40
44 41
45 42
46 43
47 44
48 45
49 46
50 47
52 48
53 49
54 50
55 51
57 52
58 53
59 54
60 55
61 56
62 57
63 58
64 59
65 60
66 61
67 62
68 63
69 64
70 65
71 66
72 67
73 68
74 69
75 70
76 71
77 72
78 73
79 74
80 75
81 76
82 77
83 78
84 79
85 80
86 81
87 82
88 83
89 84
90 85
92 86
93 87
94 88
95 89
96 90
97 91
99 92
100 93
101 94
102 95
103 96
104 97
105 98
106 99
107 100
108 101
110 102
111 103
112 104
113 105
114 106
116 107
117 108
118 109
119 110
120 111
121 112
122 113
123 114
124 115
125 116
126 117
129 118
131 119
132 120
135 121
137 122
138 123
140 124
141 125
144 126
145 127
146 128
147 129
148 130
149 131
150 132
151 133
152 134
153 135
154 136
155 137
156 138
157 139
158 140
159 141
160 142
161 143
162 144
163 145
164 146
165 147
166 148
168 149
169 150
170 151
171 152
172 153
173 154
174 155
175 156
176 157
177 158
178 159
179 160
180 161
181 162
182 163
183 164
184 165
185 166
186 167
187 168
188 169
189 170
190 171
191 172
192 173
193 174
194 175
195 176
196 177
197 178
198 179
199 180
200 181
201 182
202 183
203 184
204 185
205 186
206 187
207 188
208 189
209 190
210 191
211 192
212 193
213 194
214 195
215 196
216 197
217 198
218 199
219 200
220 201
222 202
223 203
224 204
225 205
227 206
228 207
229 208
230 209
231 210
232 211
233 212
234 213
235 214
236 215
237 216
238 217
239 218
240 219
241 220
242 221
243 222
244 223
245 224
246 225
247 226
248 227
249 228
250 229
251 230
252 231
253 232
254 233
255 234
256 235
257 236
258 237
259 238
260 239
261 240
262 241
263 242
264 243
265 244
266 245
267 246
268 247
269 248
270 249
271 250
272 251
273 252
274 253
275 254
276 255
277 256
278 257
279 258
280 259
281 260
282 261
283 262
285 263
286 264
287 265
288 266
289 267
290 268
291 269
292 270
293 271
294 272
295 273
296 274
297 275
298 276
299 277
300 278
301 279
302 280
303 281
304 282
305 283
306 284
307 285
308 286
309 287
310 288
311 289
312 290
313 291
314 292
315 293
316 294
317 295
318 296
319 297
320 298
321 299
322 300
324 301
325 302
326 303
327 304
328 305
329 306
330 307
331 308
332 309
333 310
334 311
335 312
336 313
337 314
338 315
339 316
340 317
341 318
342 319
343 320
344 321
345 322
346 323
347 324
348 325
349 326
350 327
351 328
352 329
353 330
354 331
355 332
356 333
357 334
358 335
359 336
360 337
361 338
362 339
363 340
364 341
365 342
366 343
367 344
368 345
369 346
370 347
371 348
372 349
373 350
374 351
375 352
376 353
377 354
378 355
379 356
380 357
381 358
382 359
383 360
384 361
385 362
386 363
387 364
388 365
389 366
390 367
391 368
392 369
393 370
394 371
404 372
405 373
407 374
408 375
409 376
410 377
412 378
413 379
414 380
415 381
416 382
417 383
418 384
419 385
420 386
421 387
422 388
423 389
424 390
425 391
426 392
427 393
428 394
429 395
430 396
431 397
432 398
433 399
434 400
435 401
436 402
437 403
438 404
440 405
441 406
442 407
443 408
444 409
445 410
446 411
447 412
448 413
449 414
450 415
451 416
452 417
453 418
454 419
455 420
456 421
457 422
458 423
459 424
460 425
461 426
462 427
463 428
464 429
465 430
466 431
467 432
468 433
469 434
470 435
471 436
472 437
473 438
474 439
475 440
476 441
477 442
478 443
479 444
480 445
481 446
482 447
483 448
484 449
485 450
486 451
487 452
488 453
489 454
490 455
491 456
492 457
493 458
494 459
495 460
496 461
497 462
498 463
499 464
500 465
501 466
502 467
504 468
505 469
506 470
507 471
508 472
509 473
510 474
511 475
512 476
513 477
514 478
515 479
516 480
517 481
518 482
519 483
520 484
521 485
522 486
523 487
524 488
525 489
526 490
527 491
528 492
529 493
531 494
532 495
533 496
534 497
535 498
536 499
537 500
538 501
539 502
540 503
541 504
542 505
543 506
544 507
546 508
547 509
548 510
549 511
550 512
551 513
552 514
553 515
554 516
555 517
556 518
558 519
561 520
562 521
563 522
564 523
565 524
566 525
567 526
568 527
569 528
570 529
571 530
573 531
574 532
575 533
577 534
580 535
581 536
582 537
583 538
585 539
586 540
587 541
588 542
589 543
590 544
592 545
593 546
594 547
595 548
596 549
597 550
598 551
599 552
600 553
601 554
602 555
603 556
605 557
606 558
608 559
609 560
610 561
611 562
612 563
613 564
614 565
615 566
616 567
617 568
618 569
619 570
621 571
626 572
627 573
628 574
630 575
631 576
632 577
633 578
634 579
635 580
637 581
638 582
639 583
640 584
645 585
647 586
648 587
649 588
650 589
653 590
656 591
659 592
660 593
661 594
662 595
663 596
664 597
665 598
666 599
667 600
668 601
670 602
671 603
673 604
674 605
678 606
679 607
680 608
681 609
685 610
687 611
688 612
690 613
691 614
692 615
694 616
695 617
696 618
697 619
698 620
700 621
701 622
702 623
703 624
704 625
705 626
706 627
707 628
708 629
709 630
710 631
711 632
712 633
713 634
714 635
715 636
716 637
718 638
719 639
720 640
722 641
724 642
725 643
726 644
728 645
729 646
730 647
731 648
732 649
733 650
735 651
736 652
737 653
741 654
742 655
743 656
745 657
746 658
747 659
748 660
750 661
751 662
753 663
754 664
755 665
756 666
757 667
759 668
760 669
761 670
762 671
764 672
765 673
766 674
767 675
769 676
771 677
775 678
778 679
779 680
780 681
781 682
782 683
783 684
784 685
785 686
786 687
788 688
790 689
791 690
793 691
794 692
795 693
797 694
798 695
799 696
800 697
801 698
802 699
803 700
804 701
805 702
806 703
807 704
808 705
809 706
810 707
813 708
816 709
818 710
824 711
827 712
828 713
829 714
830 715
831 716
832 717
833 718
834 719
835 720
836 721
837 722
838 723
839 724
840 725
841 726
842 727
844 728
846 729
847 730
848 731
849 732
850 733
851 734
852 735
853 736
854 737
858 738
860 739
861 740
862 741
865 742
866 743
867 744
868 745
869 746
870 747
875 748
876 749
877 750
879 751
880 752
881 753
882 754
885 755
886 756
888 757
889 758
891 759
892 760
893 761
896 762
897 763
898 764
899 765
900 766
901 767
902 768
903 769
904 770
905 771
906 772
907 773
908 774
909 775
910 776
911 777
912 778
913 779
914 780
915 781
916 782
917 783
918 784
919 785
920 786
921 787
922 788
923 789
924 790
926 791
927 792
928 793
929 794
930 795
931 796
932 797
933 798
934 799
935 800
936 801
937 802
938 803
940 804
941 805
942 806
943 807
944 808
945 809
946 810
947 811
948 812
949 813
950 814
951 815
952 816
953 817
954 818
955 819
956 820
957 821
959 822
960 823
961 824
963 825
964 826
965 827
967 828
968 829
969 830
970 831
971 832
973 833
976 834
980 835
981 836
982 837
984 838
986 839
987 840
988 841
990 842
991 843
992 844
993 845
994 846
996 847
997 848
998 849
999 850
1000 851
1002 852
1003 853
1004 854
1005 855
1006 856
1007 857
1008 858
1009 859
1010 860
1011 861
1012 862
1013 863
1014 864
1015 865
1016 866
1017 867
1018 868
1019 869
1020 870
1021 871
1022 872
1023 873
1024 874
1025 875
1027 876
1028 877
1029 878
1030 879
1031 880
1032 881
1033 882
1034 883
1035 884
1036 885
1037 886
1038 887
1040 888
1041 889
1042 890
1043 891
1044 892
1046 893
1047 894
1049 895
1050 896
1051 897
1053 898
1054 899
1055 900
1056 901
1057 902
1058 903
1059 904
1060 905
1061 906
1063 907
1064 908
1066 909
1067 910
1068 911
1069 912
1073 913
1075 914
1076 915
1077 916
1078 917
1079 918
1080 919
1081 920
1082 921
1083 922
1084 923
1085 924
1086 925
1087 926
1088 927
1089 928
1090 929
1091 930
1092 931
1093 932
1094 933
1095 934
1096 935
1097 936
1098 937
1099 938
1100 939
1101 940
1103 941
1104 942
1105 943
1111 944
1112 945
1113 946
1114 947
1116 948
1117 949
1119 950
1120 951
1123 952
1124 953
1125 954
1126 955
1127 956
1128 957
1129 958
1130 959
1131 960
1132 961
1133 962
1135 963
1136 964
1144 965
1147 966
1148 967
1150 968
1151 969
1152 970
1153 971
1161 972
1162 973
1163 974
1164 975
1167 976
1168 977
1169 978
1170 979
1171 980
1172 981
1173 982
1175 983
1176 984
1177 985
1178 986
1179 987
1180 988
1181 989
1183 990
1184 991
1185 992
1186 993
1187 994
1188 995
1189 996
1190 997
1191 998
1192 999
1193 1000
1194 1001
1196 1002
1197 1003
1198 1004
1199 1005
1200 1006
1201 1007
1202 1008
1203 1009
1204 1010
1206 1011
1207 1012
1208 1013
1209 1014
1210 1015
1211 1016
1212 1017
1213 1018
1214 1019
1215 1020
1216 1021
1217 1022
1218 1023
1219 1024
1220 1025
1221 1026
1222 1027
1223 1028
1224 1029
1225 1030
1226 1031
1227 1032
1228 1033
1230 1034
1231 1035
1232 1036
1233 1037
1234 1038
1235 1039
1236 1040
1237 1041
1238 1042
1240 1043
1241 1044
1242 1045
1243 1046
1244 1047
1245 1048
1246 1049
1247 1050
1248 1051
1249 1052
1250 1053
1251 1054
1252 1055
1253 1056
1254 1057
1255 1058
1256 1059
1257 1060
1258 1061
1259 1062
1260 1063
1261 1064
1262 1065
1263 1066
1264 1067
1265 1068
1266 1069
1267 1070
1268 1071
1269 1072
1270 1073
1271 1074
1272 1075
1273 1076
1274 1077
1275 1078
1276 1079
1277 1080
1278 1081
1279 1082
1280 1083
1281 1084
1282 1085
1283 1086
1284 1087
1285 1088
1286 1089
1287 1090
1288 1091
1289 1092
1290 1093
1291 1094
1292 1095
1293 1096
1295 1097
1296 1098
1297 1099
1298 1100
1299 1101
1300 1102
1301 1103
1302 1104
1303 1105
1304 1106
1305 1107
1306 1108
1307 1109
1310 1110
1311 1111
1312 1112
1317 1113
1318 1114
1320 1115
1321 1116
1322 1117
1323 1118
1324 1119
1325 1120
1326 1121
1327 1122
1328 1123
1329 1124
1330 1125
1331 1126
1332 1127
1333 1128
1334 1129
1335 1130
1336 1131
1337 1132
1339 1133
1340 1134
1341 1135
1342 1136
1343 1137
1344 1138
1345 1139
1346 1140
1347 1141
1348 1142
1349 1143
1350 1144
1351 1145
1352 1146
1353 1147
1354 1148
1355 1149
1356 1150
1357 1151
1358 1152
1359 1153
1361 1154
1363 1155
1365 1156
1366 1157
1367 1158
1369 1159
1370 1160
1371 1161
1372 1162
1373 1163
1374 1164
1375 1165
1376 1166
1377 1167
1378 1168
1379 1169
1380 1170
1381 1171
1382 1172
1383 1173
1384 1174
1385 1175
1387 1176
1388 1177
1389 1178
1390 1179
1391 1180
1392 1181
1393 1182
1394 1183
1395 1184
1396 1185
1397 1186
1398 1187
1399 1188
1401 1189
1404 1190
1405 1191
1406 1192
1407 1193
1408 1194
1409 1195
1410 1196
1411 1197
1412 1198
1413 1199
1414 1200
1415 1201
1416 1202
1417 1203
1419 1204
1421 1205
1422 1206
1423 1207
1425 1208
1426 1209
1427 1210
1428 1211
1429 1212
1430 1213
1431 1214
1432 1215
1437 1216
1438 1217
1439 1218
1440 1219
1441 1220
1442 1221
1444 1222
1445 1223
1446 1224
1447 1225
1449 1226
1450 1227
1453 1228
1454 1229
1455 1230
1456 1231
1457 1232
1458 1233
1459 1234
1460 1235
1461 1236
1463 1237
1464 1238
1465 1239
1466 1240
1468 1241
1471 1242
1472 1243
1473 1244
1474 1245
1475 1246
1476 1247
1477 1248
1479 1249
1480 1250
1482 1251
1483 1252
1484 1253
1485 1254
1487 1255
1488 1256
1489 1257
1490 1258
1493 1259
1495 1260
1496 1261
1497 1262
1498 1263
1499 1264
1500 1265
1501 1266
1502 1267
1503 1268
1504 1269
1507 1270
1508 1271
1509 1272
1511 1273
1513 1274
1515 1275
1516 1276
1517 1277
1518 1278
1519 1279
1520 1280
1523 1281
1525 1282
1526 1283
1527 1284
1529 1285
1533 1286
1535 1287
1537 1288
1538 1289
1539 1290
1541 1291
1542 1292
1544 1293
1545 1294
1546 1295
1547 1296
1550 1297
1551 1298
1552 1299
1554 1300
1556 1301
1562 1302
1563 1303
1564 1304
1565 1305
1566 1306
1569 1307
1570 1308
1571 1309
1572 1310
1573 1311
1574 1312
1575 1313
1580 1314
1581 1315
1582 1316
1583 1317
1584 1318
1585 1319
1586 1320
1587 1321
1588 1322
1589 1323
1590 1324
1591 1325
1592 1326
1593 1327
1594 1328
1595 1329
1596 1330
1597 1331
1598 1332
1599 1333
1600 1334
1601 1335
1602 1336
1603 1337
1604 1338
1605 1339
1606 1340
1608 1341
1609 1342
1610 1343
1611 1344
1612 1345
1613 1346
1614 1347
1615 1348
1616 1349
1617 1350
1619 1351
1620 1352
1621 1353
1623 1354
1624 1355
1625 1356
1626 1357
1627 1358
1629 1359
1631 1360
1632 1361
1633 1362
1635 1363
1639 1364
1640 1365
1641 1366
1642 1367
1643 1368
1644 1369
1645 1370
1646 1371
1647 1372
1648 1373
1649 1374
1650 1375
1653 1376
1654 1377
1655 1378
1657 1379
1658 1380
1660 1381
1661 1382
1662 1383
1663 1384
1665 1385
1666 1386
1667 1387
1668 1388
1669 1389
1670 1390
1671 1391
1672 1392
1673 1393
1674 1394
1675 1395
1676 1396
1677 1397
1678 1398
1679 1399
1680 1400
1681 1401
1682 1402
1683 1403
1684 1404
1686 1405
1687 1406
1688 1407
1689 1408
1690 1409
1692 1410
1693 1411
1694 1412
1695 1413
1696 1414
1699 1415
1701 1416
1702 1417
1703 1418
1704 1419
1707 1420
1711 1421
1713 1422
1717 1423
1719 1424
1721 1425
1722 1426
1725 1427
1726 1428
1727 1429
1728 1430
1729 1431
1730 1432
1731 1433
1732 1434
1733 1435
1734 1436
1735 1437
1739 1438
1744 1439
1746 1440
1747 1441
1748 1442
1750 1443
1752 1444
1753 1445
1754 1446
1755 1447
1756 1448
1757 1449
1759 1450
1760 1451
1762 1452
1767 1453
1769 1454
1770 1455
1771 1456
1772 1457
1777 1458
1779 1459
1780 1460
1783 1461
1784 1462
1785 1463
1788 1464
1791 1465
1792 1466
1794 1467
1797 1468
1798 1469
1799 1470
1801 1471
1804 1472
1805 1473
1806 1474
1807 1475
1809 1476
1810 1477
1812 1478
1814 1479
1816 1480
1821 1481
1822 1482
1824 1483
1825 1484
1826 1485
1827 1486
1829 1487
1831 1488
1833 1489
1834 1490
1835 1491
1836 1492
1837 1493
1839 1494
1840 1495
1841 1496
1844 1497
1845 1498
1846 1499
1848 1500
1853 1501
1854 1502
1855 1503
1856 1504
1857 1505
1858 1506
1859 1507
1860 1508
1861 1509
1862 1510
1863 1511
1865 1512
1866 1513
1867 1514
1869 1515
1870 1516
1873 1517
1874 1518
1875 1519
1876 1520
1878 1521
1879 1522
1880 1523
1881 1524
1882 1525
1883 1526
1884 1527
1885 1528
1887 1529
1888 1530
1889 1531
1892 1532
1893 1533
1894 1534
1895 1535
1896 1536
1897 1537
1900 1538
1902 1539
1904 1540
1906 1541
1907 1542
1909 1543
1910 1544
1911 1545
1912 1546
1913 1547
1914 1548
1916 1549
1917 1550
1918 1551
1919 1552
1920 1553
1921 1554
1922 1555
1923 1556
1924 1557
1925 1558
1926 1559
1927 1560
1929 1561
1931 1562
1932 1563
1933 1564
1934 1565
1935 1566
1936 1567
1937 1568
1938 1569
1939 1570
1940 1571
1941 1572
1942 1573
1943 1574
1944 1575
1945 1576
1946 1577
1947 1578
1948 1579
1949 1580
1950 1581
1951 1582
1952 1583
1953 1584
1954 1585
1955 1586
1956 1587
1957 1588
1958 1589
1959 1590
1960 1591
1961 1592
1962 1593
1963 1594
1964 1595
1965 1596
1966 1597
1967 1598
1968 1599
1969 1600
1970 1601
1971 1602
1972 1603
1973 1604
1974 1605
1975 1606
1976 1607
1977 1608
1978 1609
1979 1610
1980 1611
1981 1612
1982 1613
1983 1614
1984 1615
1985 1616
1986 1617
1987 1618
1988 1619
1989 1620
1990 1621
1991 1622
1992 1623
1993 1624
1994 1625
1995 1626
1996 1627
1997 1628
1998 1629
1999 1630
2000 1631
2001 1632
2002 1633
2003 1634
2004 1635
2005 1636
2006 1637
2007 1638
2009 1639
2010 1640
2011 1641
2012 1642
2013 1643
2014 1644
2015 1645
2016 1646
2017 1647
2018 1648
2019 1649
2020 1650
2021 1651
2022 1652
2023 1653
2024 1654
2025 1655
2026 1656
2027 1657
2028 1658
2029 1659
2031 1660
2032 1661
2033 1662
2034 1663
2035 1664
2036 1665
2037 1666
2038 1667
2040 1668
2041 1669
2042 1670
2043 1671
2044 1672
2045 1673
2046 1674
2048 1675
2049 1676
2050 1677
2051 1678
2052 1679
2053 1680
2054 1681
2055 1682
2056 1683
2057 1684
2058 1685
2059 1686
2060 1687
2062 1688
2064 1689
2065 1690
2066 1691
2067 1692
2068 1693
2069 1694
2070 1695
2071 1696
2072 1697
2073 1698
2074 1699
2075 1700
2076 1701
2077 1702
2078 1703
2080 1704
2081 1705
2082 1706
2083 1707
2084 1708
2085 1709
2086 1710
2087 1711
2088 1712
2089 1713
2090 1714
2091 1715
2092 1716
2093 1717
2094 1718
2095 1719
2096 1720
2097 1721
2098 1722
2099 1723
2100 1724
2101 1725
2102 1726
2103 1727
2104 1728
2105 1729
2106 1730
2107 1731
2108 1732
2109 1733
2110 1734
2111 1735
2112 1736
2113 1737
2114 1738
2115 1739
2116 1740
2117 1741
2118 1742
2119 1743
2120 1744
2121 1745
2122 1746
2123 1747
2124 1748
2125 1749
2126 1750
2128 1751
2130 1752
2131 1753
2132 1754
2133 1755
2134 1756
2135 1757
2136 1758
2137 1759
2138 1760
2139 1761
2140 1762
2141 1763
2142 1764
2143 1765
2144 1766
2145 1767
2146 1768
2147 1769
2148 1770
2149 1771
2150 1772
2151 1773
2152 1774
2153 1775
2154 1776
2155 1777
2157 1778
2158 1779
2159 1780
2160 1781
2161 1782
2162 1783
2163 1784
2164 1785
2165 1786
2166 1787
2167 1788
2168 1789
2169 1790
2170 1791
2171 1792
2173 1793
2174 1794
2175 1795
2176 1796
2177 1797
2178 1798
2179 1799
2180 1800
2181 1801
2182 1802
2183 1803
2184 1804
2185 1805
2186 1806
2187 1807
2188 1808
2189 1809
2190 1810
2193 1811
2194 1812
2195 1813
2196 1814
2197 1815
2201 1816
2202 1817
2203 1818
2204 1819
2205 1820
2206 1821
2208 1822
2210 1823
2212 1824
2227 1825
2231 1826
2232 1827
2236 1828
2237 1829
2238 1830
2239 1831
2240 1832
2241 1833
2243 1834
2245 1835
2247 1836
2248 1837
2249 1838
2250 1839
2252 1840
2253 1841
2255 1842
2256 1843
2259 1844
2260 1845
2261 1846
2262 1847
2263 1848
2264 1849
2265 1850
2266 1851
2267 1852
2268 1853
2269 1854
2271 1855
2272 1856
2273 1857
2275 1858
2276 1859
2278 1860
2279 1861
2280 1862
2282 1863
2283 1864
2284 1865
2285 1866
2286 1867
2287 1868
2288 1869
2289 1870
2290 1871
2291 1872
2294 1873
2295 1874
2296 1875
2297 1876
2300 1877
2301 1878
2302 1879
2303 1880
2305 1881
2306 1882
2307 1883
2310 1884
2311 1885
2312 1886
2313 1887
2314 1888
2315 1889
2316 1890
2318 1891
2320 1892
2321 1893
2322 1894
2323 1895
2324 1896
2325 1897
2327 1898
2328 1899
2329 1900
2330 1901
2331 1902
2332 1903
2333 1904
2334 1905
2335 1906
2336 1907
2337 1908
2338 1909
2339 1910
2340 1911
2341 1912
2342 1913
2344 1914
2345 1915
2346 1916
2347 1917
2348 1918
2349 1919
2351 1920
2352 1921
2353 1922
2354 1923
2355 1924
2356 1925
2357 1926
2359 1927
2360 1928
2361 1929
2362 1930
2363 1931
2364 1932
2365 1933
2366 1934
2367 1935
2368 1936
2369 1937
2370 1938
2371 1939
2372 1940
2373 1941
2374 1942
2375 1943
2376 1944
2377 1945
2378 1946
2379 1947
2380 1948
2381 1949
2382 1950
2383 1951
2384 1952
2385 1953
2386 1954
2387 1955
2388 1956
2389 1957
2390 1958
2391 1959
2392 1960
2393 1961
2394 1962
2395 1963
2396 1964
2398 1965
2399 1966
2400 1967
2401 1968
2402 1969
2403 1970
2404 1971
2405 1972
2406 1973
2407 1974
2408 1975
2409 1976
2410 1977
2411 1978
2412 1979
2413 1980
2414 1981
2416 1982
2417 1983
2418 1984
2419 1985
2420 1986
2421 1987
2422 1988
2423 1989
2424 1990
2425 1991
2426 1992
2427 1993
2428 1994
2429 1995
2430 1996
2431 1997
2432 1998
2433 1999
2434 2000
2435 2001
2436 2002
2437 2003
2439 2004
2440 2005
2441 2006
2442 2007
2443 2008
2445 2009
2446 2010
2447 2011
2448 2012
2449 2013
2450 2014
2451 2015
2453 2016
2454 2017
2455 2018
2456 2019
2457 2020
2458 2021
2459 2022
2460 2023
2461 2024
2462 2025
2463 2026
2465 2027
2467 2028
2468 2029
2469 2030
2470 2031
2471 2032
2472 2033
2473 2034
2474 2035
2475 2036
2476 2037
2477 2038
2478 2039
2479 2040
2481 2041
2482 2042
2483 2043
2485 2044
2488 2045
2490 2046
2491 2047
2492 2048
2493 2049
2494 2050
2495 2051
2496 2052
2497 2053
2498 2054
2499 2055
2500 2056
2501 2057
2502 2058
2504 2059
2505 2060
2506 2061
2507 2062
2509 2063
2511 2064
2512 2065
2513 2066
2514 2067
2515 2068
2516 2069
2517 2070
2518 2071
2519 2072
2520 2073
2521 2074
2522 2075
2523 2076
2524 2077
2525 2078
2526 2079
2527 2080
2528 2081
2529 2082
2530 2083
2531 2084
2532 2085
2533 2086
2535 2087
2536 2088
2537 2089
2539 2090
2540 2091
2541 2092
2542 2093
2545 2094
2546 2095
2548 2096
2549 2097
2550 2098
2551 2099
2552 2100
2553 2101
2554 2102
2555 2103
2557 2104
2558 2105
2559 2106
2560 2107
2561 2108
2562 2109
2563 2110
2565 2111
2566 2112
2567 2113
2568 2114
2570 2115
2571 2116
2572 2117
2573 2118
2574 2119
2575 2120
2577 2121
2579 2122
2580 2123
2581 2124
2582 2125
2583 2126
2585 2127
2586 2128
2587 2129
2589 2130
2590 2131
2593 2132
2594 2133
2596 2134
2597 2135
2598 2136
2599 2137
2600 2138
2605 2139
2606 2140
2607 2141
2609 2142
2610 2143
2611 2144
2612 2145
2613 2146
2614 2147
2615 2148
2616 2149
2617 2150
2618 2151
2620 2152
2621 2153
2622 2154
2624 2155
2625 2156
2626 2157
2627 2158
2628 2159
2629 2160
2630 2161
2633 2162
2634 2163
2635 2164
2637 2165
2638 2166
2639 2167
2640 2168
2641 2169
2642 2170
2643 2171
2644 2172
2646 2173
2647 2174
2648 2175
2649 2176
2651 2177
2652 2178
2653 2179
2654 2180
2655 2181
2656 2182
2657 2183
2659 2184
2660 2185
2661 2186
2662 2187
2663 2188
2664 2189
2665 2190
2667 2191
2668 2192
2669 2193
2670 2194
2671 2195
2672 2196
2673 2197
2674 2198
2676 2199
2677 2200
2678 2201
2681 2202
2682 2203
2683 2204
2686 2205
2687 2206
2688 2207
2689 2208
2690 2209
2691 2210
2692 2211
2693 2212
2694 2213
2696 2214
2697 2215
2699 2216
2700 2217
2701 2218
2702 2219
2704 2220
2705 2221
2706 2222
2707 2223
2708 2224
2709 2225
2710 2226
2711 2227
2712 2228
2713 2229
2714 2230
2715 2231
2716 2232
2717 2233
2718 2234
2719 2235
2720 2236
2721 2237
2722 2238
2723 2239
2724 2240
2725 2241
2726 2242
2727 2243
2728 2244
2729 2245
2730 2246
2731 2247
2732 2248
2733 2249
2734 2250
2735 2251
2736 2252
2738 2253
2739 2254
2741 2255
2744 2256
2745 2257
2746 2258
2747 2259
2748 2260
2749 2261
2750 2262
2751 2263
2752 2264
2753 2265
2756 2266
2757 2267
2758 2268
2759 2269
2761 2270
2762 2271
2763 2272
2764 2273
2765 2274
2766 2275
2767 2276
2769 2277
2770 2278
2771 2279
2772 2280
2774 2281
2775 2282
2776 2283
2779 2284
2780 2285
2781 2286
2782 2287
2784 2288
2786 2289
2787 2290
2788 2291
2789 2292
2790 2293
2791 2294
2792 2295
2793 2296
2794 2297
2795 2298
2796 2299
2797 2300
2798 2301
2799 2302
2800 2303
2801 2304
2802 2305
2803 2306
2804 2307
2805 2308
2806 2309
2807 2310
2808 2311
2809 2312
2810 2313
2812 2314
2813 2315
2815 2316
2816 2317
2817 2318
2818 2319
2819 2320
2820 2321
2822 2322
2824 2323
2826 2324
2827 2325
2828 2326
2829 2327
2830 2328
2831 2329
2833 2330
2834 2331
2835 2332
2836 2333
2837 2334
2839 2335
2840 2336
2841 2337
2842 2338
2843 2339
2844 2340
2846 2341
2847 2342
2848 2343
2849 2344
2851 2345
2852 2346
2853 2347
2856 2348
2857 2349
2858 2350
2859 2351
2860 2352
2861 2353
2862 2354
2863 2355
2864 2356
2865 2357
2866 2358
2867 2359
2868 2360
2870 2361
2871 2362
2872 2363
2873 2364
2874 2365
2875 2366
2876 2367
2877 2368
2878 2369
2879 2370
2880 2371
2881 2372
2882 2373
2883 2374
2884 2375
2885 2376
2886 2377
2888 2378
2889 2379
2890 2380
2891 2381
2893 2382
2894 2383
2897 2384
2898 2385
2899 2386
2900 2387
2901 2388
2902 2389
2903 2390
2904 2391
2905 2392
2906 2393
2907 2394
2908 2395
2912 2396
2913 2397
2915 2398
2916 2399
2917 2400
2918 2401
2919 2402
2920 2403
2921 2404
2922 2405
2923 2406
2924 2407
2925 2408
2926 2409
2927 2410
2928 2411
2929 2412
2931 2413
2932 2414
2935 2415
2936 2416
2937 2417
2938 2418
2939 2419
2940 2420
2941 2421
2942 2422
2943 2423
2944 2424
2946 2425
2947 2426
2948 2427
2949 2428
2950 2429
2951 2430
2952 2431
2953 2432
2956 2433
2959 2434
2961 2435
2962 2436
2964 2437
2965 2438
2966 2439
2967 2440
2968 2441
2969 2442
2970 2443
2971 2444
2972 2445
2973 2446
2974 2447
2975 2448
2976 2449
2977 2450
2978 2451
2979 2452
2982 2453
2983 2454
2984 2455
2985 2456
2986 2457
2987 2458
2988 2459
2989 2460
2990 2461
2991 2462
2992 2463
2993 2464
2995 2465
2996 2466
2997 2467
3000 2468
3002 2469
3003 2470
3004 2471
3005 2472
3006 2473
3007 2474
3008 2475
3010 2476
3011 2477
3013 2478
3014 2479
3015 2480
3016 2481
3017 2482
3018 2483
3019 2484
3020 2485
3021 2486
3022 2487
3024 2488
3028 2489
3029 2490
3030 2491
3031 2492
3032 2493
3033 2494
3034 2495
3035 2496
3036 2497
3037 2498
3038 2499
3039 2500
3040 2501
3041 2502
3042 2503
3043 2504
3044 2505
3045 2506
3046 2507
3048 2508
3049 2509
3051 2510
3052 2511
3053 2512
3054 2513
3055 2514
3060 2515
3061 2516
3062 2517
3063 2518
3064 2519
3066 2520
3067 2521
3068 2522
3069 2523
3070 2524
3071 2525
3072 2526
3073 2527
3074 2528
3075 2529
3076 2530
3077 2531
3078 2532
3079 2533
3081 2534
3082 2535
3083 2536
3086 2537
3087 2538
3088 2539
3089 2540
3090 2541
3091 2542
3092 2543
3093 2544
3094 2545
3095 2546
3096 2547
3097 2548
3098 2549
3099 2550
3100 2551
3101 2552
3102 2553
3103 2554
3104 2555
3105 2556
3107 2557
3108 2558
3109 2559
3110 2560
3111 2561
3112 2562
3113 2563
3114 2564
3115 2565
3117 2566
3118 2567
3120 2568
3121 2569
3122 2570
3124 2571
3125 2572
3127 2573
3128 2574
3129 2575
3130 2576
3132 2577
3133 2578
3134 2579
3135 2580
3138 2581
3139 2582
3141 2583
3142 2584
3143 2585
3144 2586
3145 2587
3146 2588
3147 2589
3148 2590
3150 2591
3152 2592
3153 2593
3155 2594
3156 2595
3157 2596
3158 2597
3159 2598
3160 2599
3161 2600
3163 2601
3165 2602
3167 2603
3168 2604
3169 2605
3173 2606
3174 2607
3175 2608
3176 2609
3177 2610
3178 2611
3179 2612
3180 2613
3181 2614
3182 2615
3183 2616
3185 2617
3186 2618
3188 2619
3189 2620
3190 2621
3194 2622
3196 2623
3197 2624
3198 2625
3199 2626
3200 2627
3201 2628
3203 2629
3204 2630
3206 2631
3208 2632
3210 2633
3211 2634
3213 2635
3214 2636
3217 2637
3219 2638
3221 2639
3223 2640
3224 2641
3225 2642
3230 2643
3235 2644
3238 2645
3239 2646
3240 2647
3241 2648
3243 2649
3244 2650
3246 2651
3247 2652
3248 2653
3249 2654
3250 2655
3251 2656
3252 2657
3253 2658
3254 2659
3255 2660
3256 2661
3257 2662
3258 2663
3259 2664
3260 2665
3261 2666
3262 2667
3263 2668
3264 2669
3265 2670
3266 2671
3267 2672
3268 2673
3269 2674
3270 2675
3271 2676
3272 2677
3273 2678
3274 2679
3275 2680
3276 2681
3281 2682
3284 2683
3285 2684
3286 2685
3287 2686
3289 2687
3296 2688
3298 2689
3299 2690
3300 2691
3301 2692
3302 2693
3304 2694
3306 2695
3307 2696
3308 2697
3309 2698
3310 2699
3311 2700
3316 2701
3317 2702
3319 2703
3320 2704
3324 2705
3325 2706
3326 2707
3327 2708
3328 2709
3329 2710
3330 2711
3334 2712
3338 2713
3339 2714
3340 2715
3341 2716
3342 2717
3343 2718
3347 2719
3350 2720
3354 2721
3355 2722
3357 2723
3358 2724
3359 2725
3360 2726
3361 2727
3362 2728
3363 2729
3364 2730
3365 2731
3367 2732
3368 2733
3370 2734
3371 2735
3372 2736
3375 2737
3379 2738
3384 2739
3385 2740
3386 2741
3387 2742
3388 2743
3390 2744
3391 2745
3392 2746
3393 2747
3394 2748
3395 2749
3396 2750
3397 2751
3398 2752
3399 2753
3400 2754
3401 2755
3403 2756
3404 2757
3405 2758
3406 2759
3408 2760
3409 2761
3412 2762
3414 2763
3415 2764
3417 2765
3418 2766
3420 2767
3421 2768
3422 2769
3423 2770
3424 2771
3425 2772
3426 2773
3427 2774
3428 2775
3429 2776
3430 2777
3431 2778
3432 2779
3433 2780
3434 2781
3435 2782
3436 2783
3438 2784
3439 2785
3440 2786
3441 2787
3444 2788
3445 2789
3446 2790
3447 2791
3448 2792
3450 2793
3451 2794
3452 2795
3453 2796
3454 2797
3456 2798
3457 2799
3459 2800
3461 2801
3462 2802
3466 2803
3467 2804
3468 2805
3469 2806
3470 2807
3471 2808
3475 2809
3476 2810
3477 2811
3478 2812
3479 2813
3480 2814
3481 2815
3483 2816
3484 2817
3487 2818
3489 2819
3491 2820
3494 2821
3496 2822
3497 2823
3498 2824
3499 2825
3500 2826
3501 2827
3502 2828
3503 2829
3504 2830
3505 2831
3506 2832
3507 2833
3508 2834
3509 2835
3510 2836
3511 2837
3512 2838
3513 2839
3514 2840
3515 2841
3516 2842
3518 2843
3519 2844
3521 2845
3524 2846
3525 2847
3526 2848
3527 2849
3528 2850
3529 2851
3531 2852
3534 2853
3535 2854
3536 2855
3537 2856
3538 2857
3539 2858
3540 2859
3543 2860
3544 2861
3545 2862
3546 2863
3547 2864
3548 2865
3549 2866
3550 2867
3551 2868
3552 2869
3553 2870
3554 2871
3555 2872
3556 2873
3557 2874
3559 2875
3562 2876
3563 2877
3564 2878
3565 2879
3566 2880
3567 2881
3569 2882
3571 2883
3572 2884
3573 2885
3576 2886
3577 2887
3578 2888
3579 2889
3580 2890
3581 2891
3584 2892
3587 2893
3590 2894
3591 2895
3593 2896
3594 2897
3596 2898
3597 2899
3598 2900
3599 2901
3600 2902
3602 2903
3604 2904
3605 2905
3606 2906
3608 2907
3612 2908
3613 2909
3614 2910
3615 2911
3616 2912
3617 2913
3618 2914
3619 2915
3620 2916
3622 2917
3623 2918
3624 2919
3626 2920
3627 2921
3628 2922
3629 2923
3632 2924
3633 2925
3634 2926
3635 2927
3638 2928
3639 2929
3643 2930
3645 2931
3646 2932
3649 2933
3653 2934
3654 2935
3655 2936
3658 2937
3659 2938
3660 2939
3661 2940
3662 2941
3663 2942
3664 2943
3665 2944
3668 2945
3669 2946
3671 2947
3672 2948
3673 2949
3674 2950
3675 2951
3676 2952
3677 2953
3678 2954
3679 2955
3680 2956
3681 2957
3682 2958
3683 2959
3684 2960
3685 2961
3686 2962
3688 2963
3689 2964
3690 2965
3692 2966
3693 2967
3694 2968
3695 2969
3696 2970
3697 2971
3698 2972
3699 2973
3700 2974
3701 2975
3702 2976
3703 2977
3704 2978
3705 2979
3706 2980
3707 2981
3708 2982
3709 2983
3710 2984
3712 2985
3713 2986
3714 2987
3715 2988
3716 2989
3717 2990
3718 2991
3719 2992
3720 2993
3723 2994
3724 2995
3725 2996
3726 2997
3727 2998
3728 2999
3729 3000
3730 3001
3732 3002
3733 3003
3734 3004
3735 3005
3736 3006
3737 3007
3738 3008
3739 3009
3740 3010
3741 3011
3742 3012
3743 3013
3744 3014
3745 3015
3746 3016
3747 3017
3751 3018
3752 3019
3753 3020
3754 3021
3755 3022
3756 3023
3758 3024
3760 3025
3761 3026
3763 3027
3764 3028
3765 3029
3766 3030
3767 3031
3768 3032
3769 3033
3770 3034
3771 3035
3773 3036
3774 3037
3782 3038
3783 3039
3784 3040
3785 3041
3786 3042
3787 3043
3788 3044
3789 3045
3790 3046
3791 3047
3792 3048
3793 3049
3794 3050
3795 3051
3797 3052
3798 3053
3799 3054
3801 3055
3802 3056
3806 3057
3807 3058
3808 3059
3809 3060
3810 3061
3811 3062
3812 3063
3813 3064
3814 3065
3816 3066
3819 3067
3820 3068
3821 3069
3822 3070
3823 3071
3824 3072
3825 3073
3826 3074
3827 3075
3830 3076
3831 3077
3833 3078
3834 3079
3835 3080
3836 3081
3837 3082
3838 3083
3839 3084
3840 3085
3841 3086
3843 3087
3844 3088
3845 3089
3846 3090
3849 3091
3851 3092
3852 3093
3854 3094
3855 3095
3857 3096
3858 3097
3859 3098
3861 3099
3862 3100
3863 3101
3864 3102
3865 3103
3868 3104
3869 3105
3870 3106
3871 3107
3872 3108
3873 3109
3877 3110
3879 3111
3882 3112
3884 3113
3885 3114
3886 3115
3889 3116
3892 3117
3893 3118
3894 3119
3895 3120
3896 3121
3897 3122
3898 3123
3901 3124
3903 3125
3906 3126
3908 3127
3909 3128
3910 3129
3911 3130
3912 3131
3914 3132
3915 3133
3916 3134
3917 3135
3918 3136
3919 3137
3920 3138
3921 3139
3923 3140
3925 3141
3926 3142
3927 3143
3928 3144
3929 3145
3930 3146
3931 3147
3932 3148
3936 3149
3937 3150
3938 3151
3943 3152
3945 3153
3946 3154
3947 3155
3948 3156
3949 3157
3950 3158
3951 3159
3952 3160
3953 3161
3955 3162
3956 3163
3957 3164
3958 3165
3959 3166
3960 3167
3961 3168
3962 3169
3963 3170
3964 3171
3965 3172
3966 3173
3967 3174
3968 3175
3969 3176
3970 3177
3972 3178
3973 3179
3974 3180
3975 3181
3977 3182
3978 3183
3979 3184
3980 3185
3981 3186
3982 3187
3983 3188
3984 3189
3985 3190
3986 3191
3987 3192
3988 3193
3989 3194
3990 3195
3991 3196
3992 3197
3993 3198
3994 3199
3996 3200
3997 3201
3998 3202
3999 3203
4000 3204
4002 3205
4003 3206
4005 3207
4006 3208
4007 3209
4008 3210
4009 3211
4010 3212
4011 3213
4012 3214
4014 3215
4015 3216
4016 3217
4017 3218
4018 3219
4019 3220
4020 3221
4021 3222
4022 3223
4023 3224
4024 3225
4025 3226
4027 3227
4028 3228
4029 3229
4030 3230
4031 3231
4033 3232
4034 3233
4035 3234
4036 3235
4037 3236
4039 3237
4040 3238
4041 3239
4042 3240
4043 3241
4046 3242
4047 3243
4052 3244
4053 3245
4054 3246
4055 3247
4056 3248
4061 3249
4062 3250
4063 3251
4066 3252
4067 3253
4068 3254
4069 3255
4077 3256
4079 3257
4080 3258
4081 3259
4082 3260
4084 3261
4085 3262
4086 3263
4089 3264
4090 3265
4091 3266
4092 3267
4095 3268
4100 3269
4102 3270
4103 3271
4104 3272
4105 3273
4109 3274
4113 3275
4116 3276
4117 3277
4121 3278
4123 3279
4124 3280
4125 3281
4126 3282
4127 3283
4128 3284
4130 3285
4131 3286
4132 3287
4133 3288
4135 3289
4141 3290
4142 3291
4143 3292
4144 3293
4146 3294
4148 3295
4149 3296
4151 3297
4153 3298
4154 3299
4155 3300
4158 3301
4159 3302
4160 3303
4161 3304
4162 3305
4164 3306
4166 3307
4167 3308
4168 3309
4169 3310
4174 3311
4175 3312
4178 3313
4181 3314
4183 3315
4184 3316
4186 3317
4187 3318
4188 3319
4190 3320
4191 3321
4194 3322
4195 3323
4198 3324
4200 3325
4203 3326
4205 3327
4207 3328
4210 3329
4211 3330
4212 3331
4213 3332
4214 3333
4215 3334
4216 3335
4217 3336
4218 3337
4219 3338
4220 3339
4221 3340
4222 3341
4223 3342
4224 3343
4225 3344
4226 3345
4227 3346
4228 3347
4229 3348
4231 3349
4232 3350
4233 3351
4234 3352
4235 3353
4237 3354
4238 3355
4239 3356
4240 3357
4241 3358
4242 3359
4246 3360
4247 3361
4248 3362
4251 3363
4254 3364
4255 3365
4256 3366
4259 3367
4262 3368
4263 3369
4265 3370
4266 3371
4267 3372
4268 3373
4270 3374
4273 3375
4274 3376
4275 3377
4276 3378
4277 3379
4278 3380
4280 3381
4282 3382
4283 3383
4284 3384
4285 3385
4290 3386
4291 3387
4292 3388
4293 3389
4294 3390
4296 3391
4297 3392
4298 3393
4299 3394
4304 3395
4305 3396
4306 3397
4308 3398
4310 3399
4312 3400
4313 3401
4316 3402
4317 3403
4318 3404
4321 3405
4322 3406
4323 3407
4325 3408
4326 3409
4327 3410
4328 3411
4329 3412
4331 3413
4332 3414
4333 3415
4334 3416
4336 3417
4337 3418
4338 3419
4339 3420
4340 3421
4341 3422
4342 3423
4343 3424
4344 3425
4345 3426
4347 3427
4349 3428
4350 3429
4351 3430
4352 3431
4353 3432
4354 3433
4355 3434
4356 3435
4357 3436
4359 3437
4360 3438
4361 3439
4366 3440
4367 3441
4368 3442
4369 3443
4370 3444
4371 3445
4372 3446
4373 3447
4378 3448
4380 3449
4381 3450
4383 3451
4386 3452
4387 3453
4388 3454
4389 3455
4390 3456
4392 3457
4394 3458
4396 3459
4397 3460
4398 3461
4401 3462
4403 3463
4404 3464
4405 3465
4406 3466
4407 3467
4409 3468
4410 3469
4411 3470
4414 3471
4415 3472
4419 3473
4422 3474
4424 3475
4425 3476
4426 3477
4427 3478
4428 3479
4429 3480
4432 3481
4437 3482
4438 3483
4439 3484
4440 3485
4441 3486
4442 3487
4443 3488
4444 3489
4446 3490
4447 3491
4448 3492
4450 3493
4452 3494
4453 3495
4458 3496
4462 3497
4464 3498
4465 3499
4466 3500
4467 3501
4470 3502
4471 3503
4473 3504
4474 3505
4476 3506
4477 3507
4478 3508
4479 3509
4480 3510
4482 3511
4483 3512
4484 3513
4485 3514
4487 3515
4488 3516
4489 3517
4492 3518
4493 3519
4494 3520
4495 3521
4496 3522
4498 3523
4499 3524
4500 3525
4501 3526
4502 3527
4506 3528
4508 3529
4509 3530
4515 3531
4516 3532
4517 3533
4518 3534
4519 3535
4520 3536
4523 3537
4524 3538
4526 3539
4529 3540
4531 3541
4532 3542
4533 3543
4534 3544
4535 3545
4537 3546
4541 3547
4543 3548
4544 3549
4545 3550
4546 3551
4552 3552
4553 3553
4555 3554
4557 3555
4558 3556
4559 3557
4561 3558
4562 3559
4563 3560
4564 3561
4565 3562
4566 3563
4567 3564
4568 3565
4570 3566
4571 3567
4572 3568
4574 3569
4577 3570
4578 3571
4580 3572
4585 3573
4587 3574
4589 3575
4591 3576
4595 3577
4597 3578
4599 3579
4600 3580
4602 3581
4603 3582
4605 3583
4612 3584
4613 3585
4614 3586
4616 3587
4617 3588
4618 3589
4619 3590
4621 3591
4622 3592
4623 3593
4624 3594
4625 3595
4626 3596
4628 3597
4629 3598
4630 3599
4634 3600
4635 3601
4636 3602
4637 3603
4638 3604
4639 3605
4640 3606
4641 3607
4642 3608
4643 3609
4644 3610
4645 3611
4646 3612
4649 3613
4652 3614
4654 3615
4655 3616
4658 3617
4661 3618
4662 3619
4664 3620
4665 3621
4670 3622
4672 3623
4673 3624
4675 3625
4676 3626
4677 3627
4678 3628
4679 3629
4681 3630
4682 3631
4683 3632
4686 3633
4688 3634
4690 3635
4692 3636
4696 3637
4697 3638
4699 3639
4700 3640
4701 3641
4703 3642
4704 3643
4705 3644
4706 3645
4709 3646
4710 3647
4711 3648
4713 3649
4714 3650
4718 3651
4719 3652
4720 3653
4721 3654
4722 3655
4723 3656
4725 3657
4727 3658
4728 3659
4732 3660
4733 3661
4734 3662
4735 3663
4736 3664
4738 3665
4741 3666
4743 3667
4744 3668
4745 3669
4748 3670
4749 3671
4750 3672
4754 3673
4756 3674
4757 3675
4758 3676
4765 3677
4767 3678
4769 3679
4770 3680
4771 3681
4772 3682
4774 3683
4775 3684
4776 3685
4782 3686
4783 3687
4784 3688
4786 3689
4787 3690
4788 3691
4789 3692
4792 3693
4795 3694
4798 3695
4799 3696
4800 3697
4801 3698
4802 3699
4803 3700
4808 3701
4809 3702
4811 3703
4812 3704
4813 3705
4814 3706
4815 3707
4816 3708
4821 3709
4822 3710
4823 3711
4826 3712
4830 3713
4833 3714
4834 3715
4835 3716
4842 3717
4844 3718
4845 3719
4846 3720
4847 3721
4848 3722
4849 3723
4850 3724
4852 3725
4855 3726
4857 3727
4862 3728
4863 3729
4864 3730
4865 3731
4866 3732
4867 3733
4873 3734
4874 3735
4876 3736
4878 3737
4880 3738
4881 3739
4885 3740
4886 3741
4887 3742
4888 3743
4889 3744
4890 3745
4896 3746
4898 3747
4899 3748
4900 3749
4901 3750
4902 3751
4903 3752
4909 3753
4911 3754
4912 3755
4914 3756
4915 3757
4916 3758
4919 3759
4920 3760
4921 3761
4928 3762
4929 3763
4932 3764
4936 3765
4939 3766
4941 3767
4945 3768
4947 3769
4951 3770
4954 3771
4956 3772
4957 3773
4958 3774
4961 3775
4963 3776
4965 3777
4966 3778
4967 3779
4969 3780
4970 3781
4971 3782
4973 3783
4974 3784
4975 3785
4976 3786
4977 3787
4978 3788
4979 3789
4980 3790
4981 3791
4989 3792
4990 3793
4991 3794
4992 3795
4993 3796
4994 3797
4995 3798
4996 3799
4998 3800
5001 3801
5002 3802
5003 3803
5004 3804
5007 3805
5008 3806
5009 3807
5010 3808
5011 3809
5012 3810
5013 3811
5014 3812
5015 3813
5016 3814
5017 3815
5021 3816
5025 3817
5026 3818
5027 3819
5033 3820
5034 3821
5035 3822
5038 3823
5039 3824
5040 3825
5046 3826
5047 3827
5048 3828
5049 3829
5051 3830
5053 3831
5054 3832
5055 3833
5056 3834
5059 3835
5060 3836
5062 3837
5064 3838
5065 3839
5066 3840
5069 3841
5072 3842
5073 3843
5074 3844
5075 3845
5076 3846
5077 3847
5080 3848
5081 3849
5090 3850
5092 3851
5093 3852
5094 3853
5095 3854
5096 3855
5099 3856
5101 3857
5102 3858
5103 3859
5105 3860
5106 3861
5107 3862
5108 3863
5109 3864
5110 3865
5111 3866
5112 3867
5117 3868
5120 3869
5121 3870
5122 3871
5125 3872
5127 3873
5128 3874
5134 3875
5135 3876
5137 3877
5139 3878
5140 3879
5141 3880
5146 3881
5147 3882
5151 3883
5152 3884
5159 3885
5165 3886
5168 3887
5169 3888
5170 3889
5171 3890
5172 3891
5177 3892
5187 3893
5198 3894
5213 3895
5214 3896
5218 3897
5219 3898
5220 3899
5222 3900
5225 3901
5226 3902
5237 3903
5241 3904
5244 3905
5246 3906
5247 3907
5248 3908
5250 3909
5254 3910
5255 3911
5264 3912
5265 3913
5266 3914
5267 3915
5269 3916
5272 3917
5279 3918
5282 3919
5283 3920
5284 3921
5288 3922
5291 3923
5292 3924
5293 3925
5294 3926
5296 3927
5297 3928
5298 3929
5299 3930
5300 3931
5303 3932
5304 3933
5305 3934
5308 3935
5309 3936
5310 3937
5312 3938
5313 3939
5316 3940
5319 3941
5323 3942
5324 3943
5325 3944
5329 3945
5333 3946
5334 3947
5337 3948
5339 3949
5341 3950
5346 3951
5348 3952
5349 3953
5352 3954
5357 3955
5359 3956
5361 3957
5363 3958
5364 3959
5367 3960
5372 3961
5373 3962
5377 3963
5378 3964
5379 3965
5380 3966
5382 3967
5383 3968
5385 3969
5387 3970
5388 3971
5389 3972
5391 3973
5398 3974
5400 3975
5401 3976
5404 3977
5410 3978
5414 3979
5415 3980
5417 3981
5418 3982
5419 3983
5420 3984
5421 3985
5422 3986
5428 3987
5433 3988
5434 3989
5437 3990
5438 3991
5440 3992
5442 3993
5443 3994
5444 3995
5445 3996
5446 3997
5447 3998
5448 3999
5449 4000
5450 4001
5451 4002
5452 4003
5454 4004
5458 4005
5459 4006
5460 4007
5462 4008
5463 4009
5464 4010
5470 4011
5472 4012
5475 4013
5476 4014
5477 4015
5478 4016
5479 4017
5480 4018
5481 4019
5482 4020
5483 4021
5485 4022
5489 4023
5493 4024
5497 4025
5498 4026
5500 4027
5501 4028
5502 4029
5504 4030
5505 4031
5506 4032
5507 4033
5508 4034
5515 4035
5516 4036
5522 4037
5523 4038
5524 4039
5525 4040
5526 4041
5527 4042
5528 4043
5529 4044
5530 4045
5538 4046
5539 4047
5540 4048
5541 4049
5544 4050
5548 4051
5553 4052
5555 4053
5556 4054
5563 4055
5564 4056
5568 4057
5569 4058
5570 4059
5572 4060
5573 4061
5574 4062
5577 4063
5582 4064
5584 4065
5585 4066
5588 4067
5589 4068
5597 4069
5598 4070
5602 4071
5603 4072
5604 4073
5607 4074
5608 4075
5609 4076
5610 4077
5611 4078
5612 4079
5613 4080
5617 4081
5618 4082
5620 4083
5621 4084
5625 4085
5628 4086
5629 4087
5630 4088
5632 4089
5633 4090
5637 4091
5638 4092
5640 4093
5642 4094
5643 4095
5644 4096
5646 4097
5647 4098
5648 4099
5649 4100
5650 4101
5651 4102
5664 4103
5665 4104
5666 4105
5667 4106
5668 4107
5669 4108
5670 4109
5672 4110
5673 4111
5675 4112
5677 4113
5678 4114
5679 4115
5680 4116
5682 4117
5684 4118
5685 4119
5686 4120
5690 4121
5691 4122
5692 4123
5693 4124
5694 4125
5696 4126
5705 4127
5707 4128
5712 4129
5721 4130
5732 4131
5735 4132
5736 4133
5739 4134
5747 4135
5749 4136
5752 4137
5765 4138
5772 4139
5780 4140
5782 4141
5784 4142
5785 4143
5787 4144
5788 4145
5791 4146
5792 4147
5796 4148
5797 4149
5799 4150
5801 4151
5803 4152
5804 4153
5809 4154
5810 4155
5812 4156
5816 4157
5818 4158
5820 4159
5825 4160
5826 4161
5829 4162
5833 4163
5836 4164
5839 4165
5840 4166
5841 4167
5843 4168
5847 4169
5853 4170
5867 4171
5872 4172
5873 4173
5874 4174
5875 4175
5876 4176
5878 4177
5879 4178
5881 4179
5882 4180
5883 4181
5888 4182
5890 4183
5891 4184
5893 4185
5896 4186
5899 4187
5900 4188
5902 4189
5903 4190
5909 4191
5914 4192
5927 4193
5932 4194
5938 4195
5940 4196
5941 4197
5942 4198
5943 4199
5944 4200
5945 4201
5947 4202
5949 4203
5952 4204
5954 4205
5955 4206
5956 4207
5957 4208
5958 4209
5959 4210
5961 4211
5962 4212
5963 4213
5965 4214
5968 4215
5969 4216
5970 4217
5971 4218
5974 4219
5980 4220
5981 4221
5989 4222
5990 4223
5991 4224
5992 4225
5994 4226
5995 4227
5999 4228
6001 4229
6002 4230
6003 4231
6005 4232
6006 4233
6012 4234
6013 4235
6014 4236
6016 4237
6021 4238
6022 4239
6023 4240
6025 4241
6027 4242
6031 4243
6039 4244
6040 4245
6041 4246
6051 4247
6057 4248
6058 4249
6059 4250
6060 4251
6062 4252
6063 4253
6077 4254
6078 4255
6093 4256
6100 4257
6101 4258
6104 4259
6122 4260
6123 4261
6125 4262
6140 4263
6143 4264
6153 4265
6155 4266
6156 4267
6157 4268
6158 4269
6159 4270
6162 4271
6163 4272
6166 4273
6170 4274
6178 4275
6183 4276
6184 4277
6185 4278
6186 4279
6187 4280
6188 4281
6193 4282
6196 4283
6197 4284
6201 4285
6212 4286
6213 4287
6214 4288
6215 4289
6216 4290
6218 4291
6219 4292
6220 4293
6222 4294
6223 4295
6230 4296
6232 4297
6235 4298
6237 4299
6238 4300
6239 4301
6242 4302
6243 4303
6244 4304
6249 4305
6250 4306
6251 4307
6252 4308
6254 4309
6263 4310
6264 4311
6265 4312
6266 4313
6268 4314
6269 4315
6270 4316
6271 4317
6273 4318
6279 4319
6280 4320
6281 4321
6283 4322
6286 4323
6287 4324
6288 4325
6290 4326
6291 4327
6294 4328
6296 4329
6297 4330
6298 4331
6299 4332
6300 4333
6301 4334
6303 4335
6305 4336
6306 4337
6308 4338
6315 4339
6316 4340
6319 4341
6322 4342
6323 4343
6325 4344
6327 4345
6329 4346
6331 4347
6332 4348
6333 4349
6335 4350
6337 4351
6338 4352
6339 4353
6341 4354
6344 4355
6345 4356
6350 4357
6356 4358
6357 4359
6358 4360
6365 4361
6367 4362
6370 4363
6371 4364
6373 4365
6374 4366
6375 4367
6377 4368
6378 4369
6379 4370
6380 4371
6383 4372
6385 4373
6387 4374
6394 4375
6405 4376
6412 4377
6413 4378
6422 4379
6424 4380
6425 4381
6428 4382
6433 4383
6436 4384
6440 4385
6441 4386
6442 4387
6448 4388
6457 4389
6460 4390
6461 4391
6464 4392
6466 4393
6478 4394
6480 4395
6481 4396
6482 4397
6483 4398
6484 4399
6485 4400
6493 4401
6502 4402
6503 4403
6506 4404
6509 4405
6516 4406
6517 4407
6519 4408
6530 4409
6531 4410
6533 4411
6534 4412
6535 4413
6536 4414
6537 4415
6538 4416
6539 4417
6541 4418
6542 4419
6545 4420
6548 4421
6549 4422
6550 4423
6552 4424
6558 4425
6559 4426
6561 4427
6564 4428
6565 4429
6566 4430
6567 4431
6568 4432
6577 4433
6579 4434
6581 4435
6582 4436
6584 4437
6586 4438
6587 4439
6591 4440
6593 4441
6595 4442
6596 4443
6598 4444
6611 4445
6612 4446
6614 4447
6615 4448
6617 4449
6618 4450
6619 4451
6620 4452
6624 4453
6625 4454
6629 4455
6630 4456
6636 4457
6638 4458
6639 4459
6643 4460
6645 4461
6650 4462
6658 4463
6659 4464
6660 4465
6662 4466
6663 4467
6664 4468
6666 4469
6667 4470
6668 4471
6669 4472
6672 4473
6678 4474
6679 4475
6686 4476
6687 4477
6695 4478
6696 4479
6702 4480
6703 4481
6705 4482
6707 4483
6708 4484
6709 4485
6710 4486
6711 4487
6713 4488
6721 4489
6722 4490
6723 4491
6724 4492
6725 4493
6731 4494
6732 4495
6734 4496
6735 4497
6743 4498
6744 4499
6748 4500
6750 4501
6753 4502
6754 4503
6755 4504
6763 4505
6764 4506
6765 4507
6768 4508
6770 4509
6772 4510
6773 4511
6774 4512
6776 4513
6777 4514
6779 4515
6780 4516
6782 4517
6783 4518
6785 4519
6786 4520
6787 4521
6789 4522
6790 4523
6791 4524
6793 4525
6794 4526
6796 4527
6797 4528
6798 4529
6800 4530
6803 4531
6807 4532
6808 4533
6810 4534
6811 4535
6812 4536
6816 4537
6818 4538
6820 4539
6827 4540
6832 4541
6850 4542
6852 4543
6856 4544
6857 4545
6858 4546
6862 4547
6863 4548
6867 4549
6868 4550
6869 4551
6870 4552
6872 4553
6873 4554
6874 4555
6879 4556
6880 4557
6881 4558
6882 4559
6883 4560
6884 4561
6885 4562
6886 4563
6887 4564
6888 4565
6889 4566
6890 4567
6893 4568
6896 4569
6898 4570
6902 4571
6909 4572
6918 4573
6920 4574
6927 4575
6932 4576
6934 4577
6935 4578
6936 4579
6942 4580
6944 4581
6945 4582
6946 4583
6947 4584
6950 4585
6951 4586
6952 4587
6953 4588
6954 4589
6957 4590
6958 4591
6959 4592
6963 4593
6966 4594
6970 4595
6971 4596
6974 4597
6975 4598
6977 4599
6978 4600
6979 4601
6983 4602
6984 4603
6985 4604
6986 4605
6987 4606
6989 4607
6990 4608
6991 4609
6992 4610
6993 4611
6996 4612
6997 4613
6999 4614
7000 4615
7001 4616
7003 4617
7004 4618
7005 4619
7007 4620
7008 4621
7009 4622
7010 4623
7013 4624
7016 4625
7017 4626
7018 4627
7020 4628
7022 4629
7023 4630
7024 4631
7025 4632
7026 4633
7027 4634
7028 4635
7030 4636
7033 4637
7034 4638
7036 4639
7037 4640
7040 4641
7042 4642
7043 4643
7044 4644
7045 4645
7046 4646
7048 4647
7054 4648
7055 4649
7056 4650
7058 4651
7059 4652
7060 4653
7062 4654
7063 4655
7064 4656
7065 4657
7067 4658
7068 4659
7069 4660
7070 4661
7071 4662
7072 4663
7073 4664
7075 4665
7076 4666
7079 4667
7080 4668
7082 4669
7084 4670
7086 4671
7087 4672
7088 4673
7089 4674
7090 4675
7091 4676
7096 4677
7099 4678
7101 4679
7102 4680
7104 4681
7107 4682
7115 4683
7116 4684
7117 4685
7118 4686
7121 4687
7122 4688
7123 4689
7124 4690
7132 4691
7135 4692
7137 4693
7139 4694
7142 4695
7143 4696
7147 4697
7149 4698
7150 4699
7151 4700
7153 4701
7154 4702
7155 4703
7156 4704
7158 4705
7160 4706
7161 4707
7162 4708
7163 4709
7164 4710
7169 4711
7171 4712
7173 4713
7175 4714
7177 4715
7178 4716
7179 4717
7193 4718
7206 4719
7209 4720
7210 4721
7212 4722
7215 4723
7216 4724
7217 4725
7218 4726
7223 4727
7225 4728
7227 4729
7228 4730
7234 4731
7235 4732
7236 4733
7238 4734
7247 4735
7254 4736
7255 4737
7256 4738
7257 4739
7258 4740
7259 4741
7260 4742
7261 4743
7263 4744
7265 4745
7285 4746
7293 4747
7294 4748
7297 4749
7299 4750
7300 4751
7303 4752
7311 4753
7316 4754
7317 4755
7318 4756
7319 4757
7320 4758
7323 4759
7324 4760
7325 4761
7327 4762
7345 4763
7346 4764
7347 4765
7348 4766
7352 4767
7360 4768
7361 4769
7362 4770
7364 4771
7365 4772
7366 4773
7367 4774
7369 4775
7371 4776
7373 4777
7374 4778
7375 4779
7376 4780
7377 4781
7379 4782
7380 4783
7381 4784
7382 4785
7386 4786
7387 4787
7394 4788
7395 4789
7396 4790
7419 4791
7438 4792
7439 4793
7444 4794
7445 4795
7448 4796
7449 4797
7450 4798
7451 4799
7453 4800
7454 4801
7458 4802
7459 4803
7460 4804
7478 4805
7481 4806
7482 4807
7484 4808
7486 4809
7489 4810
7493 4811
7502 4812
7505 4813
7541 4814
7560 4815
7562 4816
7564 4817
7566 4818
7569 4819
7570 4820
7572 4821
7573 4822
7579 4823
7584 4824
7587 4825
7614 4826
7618 4827
7619 4828
7624 4829
7646 4830
7647 4831
7649 4832
7669 4833
7698 4834
7700 4835
7701 4836
7706 4837
7708 4838
7713 4839
7714 4840
7720 4841
7728 4842
7743 4843
7745 4844
7748 4845
7749 4846
7756 4847
7757 4848
7759 4849
7762 4850
7766 4851
7767 4852
7771 4853
7773 4854
7781 4855
7782 4856
7786 4857
7792 4858
7802 4859
7809 4860
7810 4861
7811 4862
7812 4863
7817 4864
7820 4865
7826 4866
7827 4867
7831 4868
7832 4869
7833 4870
7834 4871
7836 4872
7840 4873
7841 4874
7842 4875
7843 4876
7844 4877
7845 4878
7846 4879
7888 4880
7889 4881
7894 4882
7915 4883
7924 4884
7925 4885
7926 4886
7932 4887
7933 4888
7934 4889
7937 4890
7938 4891
7939 4892
7941 4893
7943 4894
7976 4895
7979 4896
7980 4897
7981 4898
7982 4899
7983 4900
7984 4901
7991 4902
8008 4903
8010 4904
8011 4905
8012 4906
8014 4907
8015 4908
8016 4909
8017 4910
8019 4911
8033 4912
8039 4913
8042 4914
8044 4915
8045 4916
8094 4917
8117 4918
8119 4919
8121 4920
8125 4921
8128 4922
8130 4923
8131 4924
8132 4925
8147 4926
8154 4927
8157 4928
8158 4929
8167 4930
8169 4931
8183 4932
8191 4933
8195 4934
8197 4935
8199 4936
8207 4937
8225 4938
8228 4939
8235 4940
8239 4941
8253 4942
8254 4943
8261 4944
8264 4945
8266 4946
8270 4947
8291 4948
8327 4949
8337 4950
8338 4951
8340 4952
8341 4953
8360 4954
8361 4955
8362 4956
8363 4957
8364 4958
8366 4959
8368 4960
8369 4961
8370 4962
8371 4963
8372 4964
8373 4965
8376 4966
8387 4967
8401 4968
8404 4969
8405 4970
8451 4971
8459 4972
8464 4973
8477 4974
8482 4975
8485 4976
8491 4977
8492 4978
8493 4979
8501 4980
8507 4981
8516 4982
8526 4983
8528 4984
8529 4985
8530 4986
8531 4987
8532 4988
8533 4989
8535 4990
8542 4991
8573 4992
8574 4993
8575 4994
8576 4995
8580 4996
8581 4997
8582 4998
8589 4999
8591 5000
8596 5001
8600 5002
8604 5003
8605 5004
8607 5005
8610 5006
8614 5007
8620 5008
8622 5009
8623 5010
8633 5011
8636 5012
8638 5013
8640 5014
8641 5015
8643 5016
8644 5017
8645 5018
8656 5019
8665 5020
8666 5021
8667 5022
8684 5023
8690 5024
8711 5025
8712 5026
8731 5027
8739 5028
8754 5029
8765 5030
8772 5031
8781 5032
8782 5033
8783 5034
8784 5035
8796 5036
8798 5037
8799 5038
8800 5039
8807 5040
8808 5041
8809 5042
8810 5043
8811 5044
8814 5045
8815 5046
8827 5047
8830 5048
8831 5049
8833 5050
8836 5051
8838 5052
8848 5053
8859 5054
8860 5055
8861 5056
8864 5057
8865 5058
8866 5059
8869 5060
8870 5061
8873 5062
8874 5063
8879 5064
8880 5065
8884 5066
8905 5067
8906 5068
8907 5069
8908 5070
8910 5071
8911 5072
8912 5073
8914 5074
8915 5075
8916 5076
8917 5077
8918 5078
8928 5079
8930 5080
8937 5081
8939 5082
8943 5083
8947 5084
8948 5085
8949 5086
8950 5087
8951 5088
8957 5089
8958 5090
8959 5091
8961 5092
8965 5093
8966 5094
8967 5095
8968 5096
8969 5097
8970 5098
8972 5099
8973 5100
8974 5101
8977 5102
8978 5103
8981 5104
8982 5105
8983 5106
8984 5107
8985 5108
8998 5109
9010 5110
9018 5111
25750 5112
25769 5113
25771 5114
25777 5115
25788 5116
25827 5117
25850 5118
25856 5119
25923 5120
25940 5121
25954 5122
25971 5123
26003 5124
26007 5125
26082 5126
26084 5127
26085 5128
26094 5129
26111 5130
26131 5131
26133 5132
26150 5133
26151 5134
26152 5135
26163 5136
26171 5137
26172 5138
26198 5139
26203 5140
26242 5141
26258 5142
26285 5143
26294 5144
26322 5145
26326 5146
26350 5147
26359 5148
26375 5149
26398 5150
26403 5151
26422 5152
26425 5153
26444 5154
26462 5155
26471 5156
26476 5157
26485 5158
26492 5159
26502 5160
26524 5161
26528 5162
26547 5163
26554 5164
26555 5165
26564 5166
26578 5167
26585 5168
26587 5169
26606 5170
26614 5171
26649 5172
26662 5173
26680 5174
26693 5175
26694 5176
26704 5177
26712 5178
26713 5179
26729 5180
26776 5181
26810 5182
26840 5183
26865 5184
26887 5185
26903 5186
26939 5187
26947 5188
26974 5189
26999 5190
27002 5191
27020 5192
27033 5193
27075 5194
27156 5195
27178 5196
27193 5197
27251 5198
27266 5199
27311 5200
27317 5201
27338 5202
27368 5203
27369 5204
27373 5205
27376 5206
27391 5207
27397 5208
27410 5209
27416 5210
27434 5211
27441 5212
27478 5213
27482 5214
27523 5215
27584 5216
27592 5217
27604 5218
27611 5219
27618 5220
27660 5221
27674 5222
27685 5223
27700 5224
27706 5225
27721 5226
27722 5227
27727 5228
27728 5229
27731 5230
27741 5231
27751 5232
27772 5233
27773 5234
27788 5235
27790 5236
27793 5237
27800 5238
27801 5239
27803 5240
27808 5241
27815 5242
27816 5243
27820 5244
27821 5245
27822 5246
27831 5247
27834 5248
27837 5249
27838 5250
27839 5251
27846 5252
27850 5253
27857 5254
27865 5255
27866 5256
27869 5257
27871 5258
27873 5259
27878 5260
27879 5261
27882 5262
27899 5263
27904 5264
27905 5265
27912 5266
30707 5267
30749 5268
30793 5269
30803 5270
30810 5271
30812 5272
30816 5273
30820 5274
30822 5275
30825 5276
30846 5277
30848 5278
30850 5279
30883 5280
30894 5281
30898 5282
31116 5283
31184 5284
31193 5285
31221 5286
31225 5287
31364 5288
31410 5289
31420 5290
31422 5291
31424 5292
31427 5293
31431 5294
31433 5295
31435 5296
31437 5297
31445 5298
31502 5299
31658 5300
31660 5301
31685 5302
31694 5303
31696 5304
31698 5305
31700 5306
31804 5307
31878 5308
31923 5309
31952 5310
32011 5311
32017 5312
32019 5313
32029 5314
32031 5315
32179 5316
32213 5317
32289 5318
32291 5319
32296 5320
32298 5321
32300 5322
32302 5323
32456 5324
32460 5325
32469 5326
32554 5327
32582 5328
32587 5329
32596 5330
32598 5331
32657 5332
32825 5333
32840 5334
32892 5335
33004 5336
33085 5337
33138 5338
33145 5339
33154 5340
33158 5341
33162 5342
33164 5343
33166 5344
33171 5345
33437 5346
33451 5347
33493 5348
33495 5349
33499 5350
33585 5351
33615 5352
33639 5353
33646 5354
33649 5355
33660 5356
33669 5357
33672 5358
33677 5359
33679 5360
33681 5361
33683 5362
33725 5363
33779 5364
33794 5365
33815 5366
33817 5367
33830 5368
33834 5369
33836 5370
33880 5371
33896 5372
33903 5373
34048 5374
34072 5375
34143 5376
34148 5377
34150 5378
34153 5379
34162 5380
34198 5381
34271 5382
34319 5383
34321 5384
34323 5385
34332 5386
34334 5387
34336 5388
34338 5389
34405 5390
34437 5391
34520 5392
34523 5393
34528 5394
34530 5395
34532 5396
34534 5397
34536 5398
34542 5399
34552 5400
35347 5401
35836 5402
35957 5403
36276 5404
36363 5405
36401 5406
36509 5407
36517 5408
36519 5409
36525 5410
36527 5411
36529 5412
36533 5413
36535 5414
36537 5415
36708 5416
37240 5417
37380 5418
37382 5419
37384 5420
37386 5421
37475 5422
37720 5423
37727 5424
37729 5425
37731 5426
37733 5427
37736 5428
37739 5429
37741 5430
37830 5431
37853 5432
37857 5433
38038 5434
38061 5435
38095 5436
38159 5437
38294 5438
38304 5439
38388 5440
38499 5441
38600 5442
38798 5443
38886 5444
38992 5445
39052 5446
39183 5447
39231 5448
39234 5449
39292 5450
39307 5451
39381 5452
39400 5453
39414 5454
39427 5455
39435 5456
39444 5457
39446 5458
39449 5459
39715 5460
39869 5461
40148 5462
40278 5463
40339 5464
40412 5465
40414 5466
40574 5467
40581 5468
40583 5469
40614 5470
40629 5471
40723 5472
40732 5473
40815 5474
40819 5475
40826 5476
40851 5477
40870 5478
40946 5479
40955 5480
40959 5481
40962 5482
40966 5483
41285 5484
41527 5485
41566 5486
41569 5487
41571 5488
41573 5489
41716 5490
41863 5491
41997 5492
42002 5493
42004 5494
42007 5495
42009 5496
42011 5497
42013 5498
42015 5499
42018 5500
42197 5501
42418 5502
42632 5503
42718 5504
42721 5505
42723 5506
42725 5507
42728 5508
42730 5509
42732 5510
42734 5511
42738 5512
43333 5513
43376 5514
43396 5515
43419 5516
43460 5517
43556 5518
43558 5519
43560 5520
43652 5521
43679 5522
43708 5523
43744 5524
43836 5525
43869 5526
43871 5527
43904 5528
43917 5529
43919 5530
43921 5531
43928 5532
43930 5533
43932 5534
43936 5535
44004 5536
44022 5537
44191 5538
44193 5539
44195 5540
44199 5541
44204 5542
44225 5543
44397 5544
44555 5545
44613 5546
44633 5547
44665 5548
44694 5549
44709 5550
44729 5551
44731 5552
44759 5553
44761 5554
44788 5555
44815 5556
44828 5557
44840 5558
44864 5559
44929 5560
44937 5561
44943 5562
44972 5563
44974 5564
45003 5565
45028 5566
45062 5567
45074 5568
45081 5569
45106 5570
45175 5571
45183 5572
45186 5573
45208 5574
45210 5575
45221 5576
45361 5577
45431 5578
45440 5579
45442 5580
45447 5581
45499 5582
45501 5583
45503 5584
45517 5585
45662 5586
45666 5587
45668 5588
45672 5589
45720 5590
45722 5591
45726 5592
45728 5593
45730 5594
45732 5595
45880 5596
45928 5597
45950 5598
46062 5599
46322 5600
46335 5601
46337 5602
46347 5603
46530 5604
46578 5605
46653 5606
46723 5607
46850 5608
46855 5609
46865 5610
46948 5611
46965 5612
46967 5613
46970 5614
46972 5615
46974 5616
46976 5617
47044 5618
47099 5619
47122 5620
47124 5621
47200 5622
47254 5623
47264 5624
47382 5625
47423 5626
47465 5627
47491 5628
47518 5629
47610 5630
47629 5631
47640 5632
47644 5633
47721 5634
47725 5635
47810 5636
47894 5637
47937 5638
47950 5639
47952 5640
47970 5641
47997 5642
47999 5643
48043 5644
48061 5645
48082 5646
48142 5647
48161 5648
48304 5649
48319 5650
48322 5651
48326 5652
48385 5653
48394 5654
48412 5655
48414 5656
48416 5657
48516 5658
48518 5659
48520 5660
48560 5661
48591 5662
48593 5663
48596 5664
48678 5665
48696 5666
48698 5667
48738 5668
48744 5669
48774 5670
48780 5671
48783 5672
48856 5673
48872 5674
48877 5675
48943 5676
48982 5677
48997 5678
49013 5679
49130 5680
49132 5681
49220 5682
49272 5683
49274 5684
49278 5685
49280 5686
49284 5687
49286 5688
49314 5689
49347 5690
49396 5691
49526 5692
49530 5693
49647 5694
49649 5695
49651 5696
49772 5697
49793 5698
49822 5699
49824 5700
49910 5701
49932 5702
49957 5703
49961 5704
50003 5705
50005 5706
50011 5707
50068 5708
50158 5709
50160 5710
50162 5711
50189 5712
50442 5713
50445 5714
50514 5715
50601 5716
50658 5717
50685 5718
50740 5719
50742 5720
50792 5721
50794 5722
50796 5723
50798 5724
50800 5725
50802 5726
50804 5727
50806 5728
50851 5729
50872 5730
50912 5731
50923 5732
50954 5733
51037 5734
51077 5735
51080 5736
51084 5737
51086 5738
51088 5739
51091 5740
51174 5741
51255 5742
51277 5743
51372 5744
51412 5745
51471 5746
51540 5747
51575 5748
51660 5749
51662 5750
51698 5751
51705 5752
51709 5753
51834 5754
51884 5755
51925 5756
51927 5757
51931 5758
51935 5759
51937 5760
51939 5761
52042 5762
52241 5763
52245 5764
52279 5765
52281 5766
52283 5767
52287 5768
52319 5769
52328 5770
52435 5771
52456 5772
52458 5773
52460 5774
52462 5775
52579 5776
52604 5777
52644 5778
52668 5779
52694 5780
52712 5781
52717 5782
52722 5783
52767 5784
52885 5785
52950 5786
52952 5787
52967 5788
52973 5789
52975 5790
53000 5791
53002 5792
53024 5793
53121 5794
53123 5795
53125 5796
53129 5797
53161 5798
53189 5799
53207 5800
53318 5801
53322 5802
53435 5803
53447 5804
53460 5805
53464 5806
53468 5807
53519 5808
53550 5809
53894 5810
53953 5811
53956 5812
53972 5813
53974 5814
53993 5815
53996 5816
54001 5817
54004 5818
54190 5819
54256 5820
54259 5821
54272 5822
54276 5823
54281 5824
54286 5825
54290 5826
54331 5827
54372 5828
54503 5829
54648 5830
54732 5831
54734 5832
54736 5833
54745 5834
54771 5835
54775 5836
54780 5837
54785 5838
54787 5839
54796 5840
54881 5841
54962 5842
54995 5843
54997 5844
54999 5845
55031 5846
55052 5847
55069 5848
55071 5849
55080 5850
55094 5851
55118 5852
55167 5853
55176 5854
55232 5855
55241 5856
55245 5857
55247 5858
55250 5859
55253 5860
55261 5861
55267 5862
55269 5863
55272 5864
55274 5865
55276 5866
55280 5867
55282 5868
55284 5869
55286 5870
55290 5871
55363 5872
55442 5873
55444 5874
55451 5875
55553 5876
55555 5877
55577 5878
55721 5879
55729 5880
55732 5881
55765 5882
55768 5883
55805 5884
55814 5885
55820 5886
55830 5887
55872 5888
55908 5889
55946 5890
55995 5891
55999 5892
56001 5893
56003 5894
56012 5895
56145 5896
56152 5897
56156 5898
56169 5899
56171 5900
56174 5901
56176 5902
56251 5903
56286 5904
56333 5905
56339 5906
56367 5907
56389 5908
56563 5909
56587 5910
56607 5911
56715 5912
56757 5913
56775 5914
56782 5915
56788 5916
56801 5917
56805 5918
56885 5919
56915 5920
56921 5921
56941 5922
56949 5923
57147 5924
57223 5925
57243 5926
57274 5927
57326 5928
57368 5929
57401 5930
57464 5931
57502 5932
57504 5933
57520 5934
57526 5935
57528 5936
57532 5937
57534 5938
57640 5939
57669 5940
57910 5941
57951 5942
57980 5943
58025 5944
58047 5945
58078 5946
58103 5947
58105 5948
58107 5949
58154 5950
58156 5951
58162 5952
58293 5953
58295 5954
58297 5955
58299 5956
58301 5957
58303 5958
58306 5959
58315 5960
58332 5961
58347 5962
58351 5963
58376 5964
58425 5965
58490 5966
58559 5967
58627 5968
58655 5969
58803 5970
58806 5971
58972 5972
58975 5973
58998 5974
59014 5975
59016 5976
59018 5977
59022 5978
59026 5979
59037 5980
59103 5981
59118 5982
59126 5983
59141 5984
59143 5985
59220 5986
59258 5987
59306 5988
59315 5989
59333 5990
59336 5991
59369 5992
59387 5993
59392 5994
59418 5995
59421 5996
59429 5997
59501 5998
59590 5999
59604 6000
59615 6001
59725 6002
59727 6003
59731 6004
59784 6005
59810 6006
59900 6007
59985 6008
59995 6009
60037 6010
60040 6011
60069 6012
60072 6013
60074 6014
60126 6015
60161 6016
60291 6017
60293 6018
60333 6019
60363 6020
60397 6021
60408 6022
60487 6023
60514 6024
60516 6025
60609 6026
60647 6027
60674 6028
60684 6029
60753 6030
60756 6031
60760 6032
60766 6033
60816 6034
60832 6035
60904 6036
60937 6037
60943 6038
60950 6039
60979 6040
61024 6041
61026 6042
61071 6043
61075 6044
61123 6045
61132 6046
61160 6047
61236 6048
61240 6049
61246 6050
61248 6051
61250 6052
61262 6053
61323 6054
61348 6055
61350 6056
61352 6057
61394 6058
61401 6059
61465 6060
61697 6061
61705 6062
61729 6063
61986 6064
62049 6065
62081 6066
62113 6067
62155 6068
62203 6069
62250 6070
62265 6071
62293 6072
62336 6073
62344 6074
62374 6075
62376 6076
62394 6077
62434 6078
62437 6079
62439 6080
62511 6081
62553 6082
62644 6083
62733 6084
62849 6085
62912 6086
62956 6087
62999 6088
63033 6089
63062 6090
63072 6091
63082 6092
63113 6093
63131 6094
63222 6095
63393 6096
63433 6097
63436 6098
63479 6099
63515 6100
63540 6101
63808 6102
63853 6103
63859 6104
63876 6105
63992 6106
64030 6107
64032 6108
64034 6109
64197 6110
64231 6111
64249 6112
64285 6113
64497 6114
64499 6115
64501 6116
64575 6117
64614 6118
64620 6119
64622 6120
64701 6121
64716 6122
64839 6123
64957 6124
64969 6125
64983 6126
64993 6127
64997 6128
65088 6129
65126 6130
65130 6131
65133 6132
65135 6133
65188 6134
65193 6135
65216 6136
65225 6137
65230 6138
65261 6139
65514 6140
65577 6141
65585 6142
65601 6143
65612 6144
65642 6145
65682 6146
65685 6147
65802 6148
65868 6149
65882 6150
65982 6151
66090 6152
66097 6153
66130 6154
66171 6155
66198 6156
66203 6157
66297 6158
66335 6159
66371 6160
66509 6161
66665 6162
66783 6163
66785 6164
66798 6165
66934 6166
67087 6167
67186 6168
67193 6169
67197 6170
67255 6171
67267 6172
67295 6173
67408 6174
67508 6175
67665 6176
67695 6177
67734 6178
67788 6179
67799 6180
67867 6181
67923 6182
67997 6183
68073 6184
68135 6185
68157 6186
68159 6187
68194 6188
68205 6189
68237 6190
68269 6191
68319 6192
68347 6193
68358 6194
68486 6195
68519 6196
68522 6197
68536 6198
68554 6199
68659 6200
68791 6201
68793 6202
68848 6203
68932 6204
68941 6205
68945 6206
68952 6207
68954 6208
68959 6209
69069 6210
69122 6211
69134 6212
69140 6213
69253 6214
69275 6215
69278 6216
69306 6217
69406 6218
69436 6219
69481 6220
69524 6221
69526 6222
69529 6223
69604 6224
69606 6225
69640 6226
69644 6227
69685 6228
69712 6229
69746 6230
69757 6231
69784 6232
69844 6233
69849 6234
69951 6235
70159 6236
70183 6237
70286 6238
70293 6239
70305 6240
70334 6241
70336 6242
70361 6243
70533 6244
70567 6245
70599 6246
70728 6247
70862 6248
71033 6249
71057 6250
71106 6251
71108 6252
71129 6253
71131 6254
71135 6255
71156 6256
71205 6257
71211 6258
71248 6259
71252 6260
71254 6261
71264 6262
71282 6263
71304 6264
71327 6265
71379 6266
71429 6267
71450 6268
71460 6269
71462 6270
71464 6271
71466 6272
71468 6273
71500 6274
71518 6275
71520 6276
71530 6277
71535 6278
71579 6279
71619 6280
71668 6281
71670 6282
71745 6283
71823 6284
71838 6285
71899 6286
72011 6287
72129 6288
72167 6289
72171 6290
72209 6291
72226 6292
72294 6293
72308 6294
72356 6295
72378 6296
72380 6297
72386 6298
72393 6299
72395 6300
72405 6301
72407 6302
72489 6303
72554 6304
72605 6305
72641 6306
72701 6307
72720 6308
72731 6309
72733 6310
72737 6311
72741 6312
72919 6313
72998 6314
73000 6315
73015 6316
73017 6317
73023 6318
73042 6319
73106 6320
73211 6321
73266 6322
73268 6323
73290 6324
73319 6325
73321 6326
73323 6327
73344 6328
73587 6329
73759 6330
73808 6331
73854 6332
73881 6333
73929 6334
74089 6335
74152 6336
74154 6337
74156 6338
74228 6339
74275 6340
74282 6341
74324 6342
74416 6343
74450 6344
74452 6345
74458 6346
74508 6347
74510 6348
74530 6349
74532 6350
74545 6351
74553 6352
74624 6353
74668 6354
74685 6355
74688 6356
74727 6357
74750 6358
74789 6359
74795 6360
74851 6361
74868 6362
74946 6363
74948 6364
75341 6365
75805 6366
75813 6367
75985 6368
76030 6369
76077 6370
76079 6371
76093 6372
76173 6373
76175 6374
76210 6375
76251 6376
76293 6377
76763 6378
77191 6379
77201 6380
77307 6381
77364 6382
77414 6383
77427 6384
77455 6385
77561 6386
77658 6387
77798 6388
77800 6389
77846 6390
77866 6391
78039 6392
78041 6393
78088 6394
78105 6395
78160 6396
78174 6397
78209 6398
78218 6399
78264 6400
78266 6401
78316 6402
78349 6403
78469 6404
78499 6405
78574 6406
78637 6407
78729 6408
78772 6409
78836 6410
78893 6411
79008 6412
79057 6413
79091 6414
79132 6415
79134 6416
79139 6417
79185 6418
79224 6419
79242 6420
79251 6421
79274 6422
79293 6423
79357 6424
79428 6425
79553 6426
79592 6427
79695 6428
79702 6429
79720 6430
79796 6431
79879 6432
80126 6433
80166 6434
80219 6435
80222 6436
80350 6437
80363 6438
80463 6439
80489 6440
80549 6441
80551 6442
80586 6443
80590 6444
80615 6445
80693 6446
80748 6447
80831 6448
80839 6449
80846 6450
80860 6451
80862 6452
80864 6453
80906 6454
80917 6455
80969 6456
81018 6457
81156 6458
81158 6459
81180 6460
81229 6461
81417 6462
81512 6463
81535 6464
81537 6465
81562 6466
81564 6467
81591 6468
81782 6469
81784 6470
81788 6471
81791 6472
81819 6473
81834 6474
81845 6475
81847 6476
81932 6477
82095 6478
82143 6479
82152 6480
82167 6481
82169 6482
82202 6483
82242 6484
82459 6485
82461 6486
82463 6487
82667 6488
82767 6489
82852 6490
83086 6491
83132 6492
83134 6493
83219 6494
83349 6495
83369 6496
83613 6497
84152 6498
84187 6499
84312 6500
84374 6501
84392 6502
84601 6503
84637 6504
84716 6505
84772 6506
84847 6507
84942 6508
84944 6509
84954 6510
85020 6511
85022 6512
85056 6513
85131 6514
85179 6515
85342 6516
85354 6517
85367 6518
85397 6519
85401 6520
85412 6521
85414 6522
85438 6523
85510 6524
85736 6525
85774 6526
85788 6527
85881 6528
86142 6529
86190 6530
86293 6531
86295 6532
86298 6533
86320 6534
86332 6535
86345 6536
86347 6537
86377 6538
86548 6539
86644 6540
86781 6541
86817 6542
86833 6543
86835 6544
86880 6545
86882 6546
86892 6547
86898 6548
86911 6549
87192 6550
87222 6551
87232 6552
87234 6553
87304 6554
87306 6555
87308 6556
87430 6557
87485 6558
87520 6559
87529 6560
87869 6561
87876 6562
88125 6563
88129 6564
88140 6565
88163 6566
88179 6567
88235 6568
88405 6569
88672 6570
88744 6571
88785 6572
88810 6573
88812 6574
88932 6575
89039 6576
89085 6577
89087 6578
89118 6579
89470 6580
89492 6581
89745 6582
89753 6583
89759 6584
89761 6585
89774 6586
89780 6587
89804 6588
89840 6589
89864 6590
89904 6591
90057 6592
90249 6593
90345 6594
90374 6595
90376 6596
90403 6597
90405 6598
90430 6599
90439 6600
90469 6601
90522 6602
90524 6603
90531 6604
90600 6605
90603 6606
90647 6607
90717 6608
90719 6609
90746 6610
90866 6611
90888 6612
91077 6613
91079 6614
91094 6615
91104 6616
91126 6617
91128 6618
91485 6619
91500 6620
91529 6621
91535 6622
91542 6623
91622 6624
91630 6625
91653 6626
91658 6627
91890 6628
91974 6629
91976 6630
92259 6631
92420 6632
92422 6633
92507 6634
92509 6635
92535 6636
93040 6637
93270 6638
93297 6639
93326 6640
93363 6641
93510 6642
93721 6643
93766 6644
93805 6645
93831 6646
93838 6647
93840 6648
93855 6649
93988 6650
94018 6651
94070 6652
94266 6653
94466 6654
94478 6655
94677 6656
94777 6657
94780 6658
94864 6659
94959 6660
95088 6661
95105 6662
95167 6663
95201 6664
95207 6665
95309 6666
95441 6667
95449 6668
95510 6669
95543 6670
95558 6671
95858 6672
95873 6673
95875 6674
96079 6675
96110 6676
96281 6677
96488 6678
96588 6679
96606 6680
96610 6681
96655 6682
96691 6683
96728 6684
96737 6685
96811 6686
96821 6687
96829 6688
96861 6689
97188 6690
97225 6691
97304 6692
97306 6693
97752 6694
97757 6695
97913 6696
97921 6697
97923 6698
97938 6699
98056 6700
98124 6701
98154 6702
98203 6703
98243 6704
98491 6705
98809 6706
98961 6707
99007 6708
99112 6709
99114 6710
99145 6711
99149 6712
99728 6713
99813 6714
100163 6715
100383 6716
100390 6717
100498 6718
100556 6719
100714 6720
101112 6721
101142 6722
101285 6723
101362 6724
101525 6725
101864 6726
102123 6727
102125 6728
102194 6729
102407 6730
102445 6731
102481 6732
102686 6733
102716 6734
102800 6735
102880 6736
102903 6737
102993 6738
103042 6739
103075 6740
103141 6741
103228 6742
103249 6743
103253 6744
103335 6745
103339 6746
103341 6747
103372 6748
103384 6749
103539 6750
103688 6751
103772 6752
103980 6753
103984 6754
104069 6755
104211 6756
104241 6757
104243 6758
104374 6759
104841 6760
104879 6761
104913 6762
104944 6763
105197 6764
105213 6765
105355 6766
105504 6767
105653 6768
105844 6769
106002 6770
106072 6771
106100 6772
106438 6773
106441 6774
106487 6775
106489 6776
106491 6777
106642 6778
106696 6779
106766 6780
106782 6781
106916 6782
106918 6783
106920 6784
107069 6785
107141 6786
107348 6787
107406 6788
107771 6789
108190 6790
108583 6791
108727 6792
108932 6793
108945 6794
108979 6795
109374 6796
109487 6797
109578 6798
109673 6799
110102 6800
110127 6801
110501 6802
110553 6803
110730 6804
111113 6805
111360 6806
111362 6807
111364 6808
111443 6809
111622 6810
111659 6811
111743 6812
111759 6813
111921 6814
112138 6815
112171 6816
112175 6817
112183 6818
112290 6819
112370 6820
112552 6821
112556 6822
112623 6823
112852 6824
113573 6825
114180 6826
114662 6827
114935 6828
115149 6829
115210 6830
115569 6831
115617 6832
116797 6833
116823 6834
116977 6835
117176 6836
118696 6837
119141 6838
119145 6839
125916 6840
